signed_year,records,bonus_available
2018,243,0
2019,395,0
2020,432,0
2021,391,2
2022,381,174
2023,398,398
2024,185,185
